21.8 1.1
1
Legeza
1 14.3 180.5
2 13.2 186.4
3 9.6 141.3
4 8.7 125.9
5 -1.0 -1.0
6 10.9 113.7
7 7.8 139.6
8 14.8 146.2
9 11.7 168.9
10 -1.0 -1.0
11 13.7 135.9
12 10.1 122.4
2
Skakovskyi
1 10.0 16.0
2 12.2 176.5
3 8.3 104.8
4 -1.0 -1.0
5 7.9 165.1
6 14.5 161.7
7 13.1 159.4
8 10.4 107.3
9 9.6 181.3
10 12.0 114.5
11 13.9 107.3
12 8.6 148.9
3
Bodnar
1 11.2 128.9
2 10.7 158.5
3 13.5 120.1
4 8.9 152.3
5 14.7 172.2
6 9.2 120.1
7 12.6 131.4
8 -1.0 -1.0
9 7.9 182.4
10 13.1 134.5
11 12.4 133.8
12 10.1 177.1
4
Lukianov
1 11.0 136.7
2 9.8 127.6
3 -1.0 -1.0
4 13.9 123.1
5 10.5 183.8
6 8.4 140.7
7 11.4 184.7
8 -1.0 -1.0
9 14.2 171.2
10 12.3 172.9
11 8.7 136.7
12 10.6 183.8
5
Feduniak
1 10.2 155.7
2 8.9 120.5
3 13.1 147.8
4 11.8 103.2
5 12.1 167.2
6 14.3 178.5
7 9.5 168.9
8 10.1 126.1
9 7.0 163.0
10 11.5 110.3
11 -1.0 -1.0
12 9.7 104.1
6
Revus
1 9.1 124.8
2 11.0 115.6
3 -1.0 -1.0
4 10.6 115.6
5 8.9 161.0
6 12.0 177.5
7 9.6 128.9
8 11.9 120.5
9 13.9 127.6
10 -1.0 -1.0
11 13.5 133.8
12 7.0 163.0
7
Razik
1 9.3 128.9
2 13.2 150.2
3 8.6 159.4
4 -1.0 -1.0
5 11.3 104.8
6 14.7 136.7
7 10.9 124.8
8 7.2 147.8
9 11.6 115.6
10 -1.0 -1.0
11 8.4 119.4
12 9.7 178.5
8
Bachynskyi
1 13.1 113.7
2 11.5 136.7
3 9.2 110.3
4 12.5 152.3
5 -1.0 -1.0
6 7.9 121.8
7 10.5 176.1
8 12.7 136.7
9 8.7 104.1
10 11.7 146.2
11 -1.0 -1.0
12 10.4 147.8
9
Vashchuk
1 11.0 142.3
2 12.6 131.4
3 8.4 162.8
4 -1.0 -1.0
5 10.1 119.4
6 11.6 105.5
7 14.3 115.6
8 -1.0 -1.0
9 7.7 107.3
10 12.3 132.3
11 -1.0 -1.0
12 14.2 140.7
10
Ovcharenko
1 12.1 163.7
2 10.7 111.9
3 8.9 110.3
4 11.2 124.8
5 -1.0 -1.0
6 14.2 122.4
7 12.4 141.3
8 13.7 115.6
9 7.2 110.3
10 10.1 139.6
11 9.8 150.2
12 -1.0 -1.0
11
Sakh
1 13.7 139.6
2 11.8 162.8
3 8.6 171.2
4 -1.0 -1.0
5 12.6 155.2
6 9.5 103.2
7 14.7 170.7
8 10.4 125.9
9 7.9 117.3
10 11.3 107.3
11 -1.0 -1.0
12 8.3 104.8
12
Yaroshovych
1 11.4 124.8
2 9.7 173.6
3 -1.0 -1.0
4 8.6 136.7
5 13.2 158.5
6 10.5 124.8
7 -1.0 -1.0
8 14.3 172.9
9 9.1 115.6
10 11.9 141.3
11 13.5 183.8
12 9.8 131.4
13
Franchuk
1 10.8 128.9
2 13.1 177.1
3 8.9 104.1
4 -1.0 -1.0
5 14.5 157.4
6 9.3 103.2
7 11.5 127.6
8 10.6 109.0
9 7.9 128.9
10 -1.0 -1.0
11 13.7 118.2
12 8.4 114.5
14
Debeliak
1 13.9 117.3
2 -1.0 -1.0
3 12.4 142.7
4 8.3 154.0
5 10.9 116.9
6 -1.0 -1.0
7 11.2 126.1
8 7.4 123.1
9 14.8 125.9
10 11.0 178.5
11 9.3 141.3
12 10.6 169.6
15
Holub
1 8.7 146.2
2 12.6 107.3
3 10.5 124.8
4 14.2 103.2
5 -1.0 -1.0
6 11.5 122.4
7 13.5 168.9
8 7.9 107.3
9 10.1 133.8
10 13.9 114.5
11 8.4 181.3
12 14.8 132.3
16
Kovalenko
1 9.6 140.0
2 -1.0 -1.0
3 10.8 127.0
4 12.1 165.0
5 -1.0 -1.0
6 8.5 152.0
7 11.2 158.0
8 11.7 154.8
9 9.0 135.0
10 10.3 132.0
11 6.6 148.0
12 9.2 156.0
17
Petrov
1 10.1 150.0
2 9.3 140.0
3 -1.0 -1.0
4 11.5 170.0
5 8.7 132.0
6 -1.0 -1.0
7 10.9 157.0
8 12.0 152.6
9 9.6 145.0
10 10.4 142.0
11 -1.0 -1.0
12 9.1 148.0
18
Ivanov
1 11.4 135.0
2 10.2 128.0
3 12.8 120.0
4 11.1 158.0
5 -1.0 -1.0
6 9.0 145.0
7 11.7 155.0
8 12.3 148.5
9 9.8 140.0
10 -1.0 -1.0
11 7.2 153.0
12 9.5 142.0
19
Sidorov
1 11.1 145.0
2 10.5 138.0
3 -1.0 -1.0
4 11.7 162.0
5 9.8 142.0
6 -1.0 -1.0
7 11.4 151.0
8 12.2 146.8
9 9.3 148.0
10 10.0 145.0
11 6.8 155.0
12 -1.0 -1.0
20
Kozlov
1 10.8 150.0
2 9.6 140.0
3 -1.0 -1.0
4 11.4 170.0
5 8.7 142.0
6 9.2 159.0
7 11.7 169.0
8 12.2 162.8
9 9.5 150.0
10 10.8 147.0
11 6.8 158.0
12 9.1 167.0
