15.5 0.9
1
Legeza
1 9.4 142.3
2 10.6 121.5
3 -1 -1
4 8.7 131.2
5 9.2 174.8
6 13.5 146.7
7 -1 -1
8 7.9 134.1
9 11.1 117.6
10 14.2 119.4
11 8.4 178.3
12 -1 -1
2
Skakovskyi
1 -1 -1
2 12.1 163.4
3 10.5 154.8
4 11.7 176.2
5 -1 -1
6 7.8 129.7
7 11.2 112.4
8 12.9 180.6
9 8.3 108.9
10 -1 -1
11 10.3 149.6
12 9.7 124.8
3
Bodnar
1 10.7 164.2
2 8.5 121.7
3 11.3 103.6
4 9.8 179.1
5 -1 -1
6 13.2 176.5
7 7.6 117.2
8 10.6 136.4
9 14.5 169.7
10 11.9 144.8
11 9.0 112.4
12 8.2 130.9
4
Lukianov
1 12.4 110.7
2 14.9 123.8
3 8.1 157.3
4 10.2 160.5
5 11.6 135.9
6 13.7 128.7
7 9.5 132.4
8 7.4 143.8
9 12.9 119.6
10 8.9 174.1
11 14.1 167.9
12 10.8 125.7
5
Feduniak
1 9.1 154.3
2 7.8 170.2
3 12.6 114.8
4 10.3 140.7
5 13.8 162.4
6 11.4 122.5
7 8.4 158.6
8 9.7 177.9
9 14.7 133.2
10 12.0 110.3
11 7.3 146.1
12 13.1 164.5
6
Revus
1 13.4 156.8
2 -1 -1
3 8.5 138.7
4 10.9 151.4
5 9.9 128.7
6 11.6 120.2
7 14.2 144.8
8 7.8 165.6
9 10.3 125.7
10 -1 -1
11 8.9 142.6
12 12.0 173.3
7
Razik
1 9.0 120.2
2 14.4 110.3
3 8.3 134.1
4 11.2 172.5
5 10.8 118.2
6 13.5 148.9
7 -1 -1
8 7.4 115.0
9 9.6 152.0
10 14.9 127.5
11 11.7 114.8
12 10.1 140.7
8
Bachynskyi
1 10.6 163.4
2 8.7 131.2
3 13.7 123.8
4 11.4 142.6
5 9.1 175.6
6 7.9 137.2
7 12.3 168.3
8 13.0 149.6
9 14.5 161.3
10 -1 -1
11 14.1 112.4
12 9.3 155.6
9
Vashchuk
1 13.4 169.1
2 12.1 103.6
3 -1 -1
4 11.7 176.5
5 9.9 156.8
6 7.8 142.6
7 11.2 134.1
8 -1 -1
9 8.3 115.0
10 14.0 162.4
11 10.3 144.8
12 9.7 124.8
10
Ovcharenko
1 10.7 164.2
2 8.5 157.3
3 11.3 125.7
4 9.8 149.6
5 12.0 114.8
6 -1 -1
7 7.6 118.2
8 10.6 110.3
9 14.5 133.2
10 -1 -1
11 9.0 138.7
12 8.2 130.9
11
Sakh
1 12.4 110.7
2 -1 -1
3 8.1 132.4
4 10.2 120.2
5 -1 -1
6 13.7 123.8
7 9.5 115.0
8 -1 -1
9 12.9 127.5
10 8.9 134.1
11 14.1 148.9
12 10.8 125.7
12
Yaroshovych
1 9.1 154.3
2 7.8 158.6
3 12.6 119.6
4 10.3 125.7
5 13.8 169.7
6 11.4 142.6
7 8.4 140.7
8 9.7 173.3
9 14.7 133.2
10 12.0 138.7
11 7.3 146.1
12 13.1 148.9
13
Franchuk
1 13.4 156.8
2 12.1 112.4
3 8.5 131.2
4 10.9 151.4
5 -1 -1
6 11.6 120.2
7 14.2 144.8
8 7.8 165.6
9 10.3 125.7
10 -1 -1
11 8.9 142.6
12 12.0 173.3
14
Debeliak
1 9.0 120.2
2 14.4 140.7
3 8.3 134.1
4 -1 -1
5 10.8 118.2
6 13.5 148.9
7 12.6 162.4
8 -1 -1
9 9.6 152.0
10 14.9 127.5
11 11.7 114.8
12 -1 -1
15
Holub
1 10.6 163.4
2 8.7 131.2
3 -1 -1
4 11.4 142.6
5 9.1 175.6
6 7.9 137.2
7 -1 -1
8 13.0 149.6
9 14.5 161.3
10 8.1 119.6
11 -1 -1
12 9.3 155.6
16
Kovalenko
1 11.2 145
2 10.0 138
3 12.4 130
4 11.8 160
5 9.7 150
6 8.8 157
7 11.6 166
8 12.1 162.5
9 9.5 148
10 10.6 145
11 6.3 156
12 9.0 163
17
Petrov
1 10.6 140
2 9.8 142
3 11.2 136
4 11.0 155
5 -1 -1
6 8.5 154
7 10.9 162
8 12.2 157.3
9 9.3 142
10 10.7 140
11 7.1 150
12 9.5 145
18
Ivanov
1 11.4 148
2 10.2 139
3 -1 -1
4 11.5 158
5 9.8 142
6 8.7 152
7 11.8 161
8 12.0 158.2
9 9.3 140
10 10.8 137
11 6.6 149
12 9.2 156
19
Sidorov
1 10.9 145
2 -1 -1
3 -1 -1
4 11.2 162
5 -1 -1
6 8.9 154
7 11.7 163
8 12.1 158.5
9 9.6 148
10 10.3 145
11 6.7 155
12 9.1 160
20
Kozlov
1 11.1 152
2 10.3 143
3 12.5 135
4 11.6 155
5 -1 -1
6 8.8 157
7 11.4 166
8 12.0 161.7
9 9.7 150
10 10.5 147
11 6.5 158
12 9.2 163