25.8 1.3
1
Legeza
1 13.5 180
2 -1 -1
3 16.5 147
4 11.3 175
5 -1 -1
6 -1 -1
7 13.9 181
8 -1 -1
9 -1 -1
10 -1 -1
11 8.3 145
12 -1 -1
2
Skakovskyi
1 13.4 146
2 10.5 169
3 14.7 172
4 -1 -1
5 -1 -1
6 -1 -1
7 13.8 175
8 15.2 130.2
9 -1 -1
10 23.5 187
11 -1 -1
12 12.6 235
3
Bodnar
1 -1 -1
2 15.3 140
3 14.8 154
4 -1 -1
5 -1 -1
6 23 143.3
7 -1 -1
8 -1 -1
9 14.8 176
10 -1 -1
11 7.3 125
12 -1 -1
4
Lukianov
1 -1 -1
2 -1 -1
3 16.3 163
4 -1 -1
5 -1 -1
6 21.8 134
7 -1 -1
8 14 123.2
9 -1 -1
10 13.4 165
11 -1 -1
12 10.1 123.7
5
Feduniak
1 14 127
2 -1 -1
3 12.2 231
4 -1 -1
5 -1 -1
6 9 124.2
7 14.2 154.7
8 13.2 134.4
9 -1 -1
10 12.5 126
11 -1 -1
12 14.3 121.9
6
Revus
1 12.5 123.1
2 14.2 221
3 -1 -1
4 -1 -1
5 10 127
6 -1 -1
7 -1 -1
8 14.2 137.2
9 14.2 193
10 18.5 136
11 -1 -1
12 12.0 129
7
Razik
1 10.5 140
2 9.9 130
3 -1 -1
4 10.7 160
5 9.6 135
6 8.1 147
7 -1 -1
8 11.1 150.2
9 9.4 140
10 10.2 137
11 -1 -1
12 8.8 156
8
Bachynskyi
1 10.8 145
2 9.7 135
3 -1 -1
4 10.9 155
5 9.4 137
6 -1 -1
7 11.1 164
8 -1 -1
9 9.0 145
10 10.1 142
11 6.8 153
12 8.7 161
9
Vashchuk
1 -1 -1
2 -1 -1
3 12.6 122
4 11.2 160
5 9.3 132
6 8 143
7 11.2 161
8 -1 -1
9 -1 -1
10 -1 -1
11 8.8 135
12 9 137
10
Ovcharenko
1 11.9 140
2 9.2 135
3 12.4 127
4 11.1 155
5 9.7 137
6 -1 -1
7 11.3 164
8 12.4 157.2
9 9.2 145
10 -1 -1
11 6.9 153
12 -1 -1
11
Sakh
1 -1 -1
2 19.6 165.4
3 18.4 145.7
4 18.2 190.1
5 -1 -1
6 13.5 219.2
7 12.4 171.5
8 -1 -1
9 17.7 116.9
10 14.6 122.0
11 9.8 184.1
12 10.3 152.9
12
Yaroshovych
1 11.3 140
2 15.7 121.5
3 17.2 204.6
4 12.8 154.3
5 -1 -1
6 19.1 168.9
7 8.3 125.4
8 18.2 188.6
9 -1 -1
10 -1 -1
11 20.0 133.2
12 13.7 195.3
13
Franchuk
1 11.3 140
2 15 121.3
3 12.9 158.7
4 18.2 121
5 -1 -1
6 7 176.4
7 9.4 114.8
8 10.2 132.6
9 16.7 111.4
10 11.5 180.9
11 19 167
12 -1 -1
14
Debeliak
1 14.6 126
2 9 115.6
3 -1 -1
4 13 162
5 11.8 145.4
6 -1 -1
7 12 116.7
8 8.9 145.2
9 13.7 127.6
10 14 159
11 -1 -1
12 13.2 134
15
Holub
1 11.0 134
2 10.8 103
3 -1 -1
4 9.7 150
5 8.6 156.8
6 7.9 160.1
7 12.3 174
8 -1 -1
9 14.2 161
10 13.1 184.7
11 12.7 124
12 9 171.2
16
Kovalenko
1 10.8 136
2 9.4 128
3 -1 -1
4 11.2 157
5 9.9 142
6 8.6 159
7 -1 -1
8 12.2 156.3
9 10.1 134
10 9.7 132
11 7.2 145
12 8.9 158
17
Petrov
1 11.5 148
2 10.2 139
3 12.6 131
4 -1 -1
5 -1 -1
6 -1 -1
7 12.8 143
8 12.5 142.1
9 9.8 148
10 10.7 144
11 -1 -1
12 9.3 147.2
18
Ivanov
1 11.0 152
2 10.3 143
3 12.5 135
4 -1 -1
5 9.0 141
6 -1 -1
7 11.4 150
8 12.3 147.5
9 9.9 154
10 10.5 150
11 -1 -1
12 9.2 156
19
Sidorov
1 10.7 141
2 9.5 133
3 12.2 126
4 11.6 155
5 9.1 145
6 8.7 152
7 11.8 161
8 12.0 158.2
9 9.3 140
10 10.8 137
11 6.6 149
12 9.5 154
20
Kozlov
1 11.2 146
2 10.0 138
3 12.4 130
4 11.8 160
5 9.7 150
6 8.8 157
7 11.6 166
8 12.1 162.5
9 9.5 148
10 10.6 145
11 6.3 156
12 9.0 163