26.8 1.5
1
Legeza
1 12.5 200
2 -1 -1
3 15 156
4 12.3 157
5 20 192
6 -1 -1
7 15.9 141
8 -1 -1
9 10.4 130
10 -1 -1
11 9.9 170
12 -1 -1
2
Skakovskyi
1 15.7 137
2 12.7 143
3 15.2 165
4 -1 -1
5 -1 -1
6 -1 -1
7 15.8 125
8 13.6 183.2
9 -1 -1
10 14.7 176
11 -1 -1
12 9.5 213
3
Bodnar
1 17 145.6
2 18.1 160
3 -1 -1
4 13.5 126
5 -1 -1
6 9.2 154.7
7 -1 -1
8 -1 -1
9 19.4 129
10 -1 -1
11 10 178
12 12.4 123
4
Lukianov
1 15.2 143
2 -1 -1
3 14 152.3
4 14.2 154.2
5 -1 -1
6 12.5 159
7 -1 -1
8 12.2 162.8
9 9.5 150
10 10.8 147
11 -1 -1
12 12.1 145.3
5
Feduniak
1 16.2 136
2 -1 -1
3 -1 -1
4 17.2 135
5 14.8 197.2
6 -1 -1
7 14.7 124.6
8 15.4 136.6
9 -1 -1
10 12.5 132.2
11 14 163.2
12 10.3 153.8
6
Revus
1 -1 -1
2 10.0 160
3 -1 -1
4 11.2 165
5 -1 -1
6 12.3 192
7 11.3 170
8 -1 -1
9 9.6 125
10 10.5 183
11 6.5 175
12 9.0 125
7
Razik
1 10.2 130
2 -1 -1
3 11.4 112
4 10.8 150
5 9.7 122
6 -1 -1
7 10.9 149
8 11.4 142.5
9 9.2 130
10 10.5 127
11 6.9 138
12 -1 -1
8
Bachynskyi
1 11.0 135
2 10.2 125
3 12.2 117
4 -1 -1
5 -1 -1
6 8.7 144
7 11.2 154
8 11.7 147.8
9 9.1 135
10 10.3 132
11 -1 -1
12 8.6 151
9
Vashchuk
1 -1 -1
2 12.5 135
3 -1 -1
4 11.4 155
5 15.8 137
6 16 154
7 23.4 164
8 18.6 157.2
9 -1 -1
10 21.2 142
11 11.6 153
12 13.9 161
10
Ovcharenko
1 11.3 140
2 13.2 167.5
3 -1 -1
4 19.7 146.8
5 9.6 214.6
6 -1 -1
7 18.1 147.2
8 16.4 126.7
9 -1 -1
10 11.8 202.1
11 8.7 135.2
12 19.1 212.3
11
Sakh
1 11.3 140
2 9.8 114.5
3 12 131.2
4 12.4 168.9
5 14.1 178
6 -1 -1
7 10.2 120.8
8 7.3 177.1
9 15.9 131.9
10 8.4 184
11 14 176.7
12 -1 -1
12
Yaroshovych
1 11.3 140
2 18.7 119.8
3 17.9 168
4 14.2 159.7
5 15.3 137
6 8.9 187.3
7 -1 -1
8 12.1 134.2
9 16.4 170
10 10.7 107.6
11 13.6 124.3
12 9.8 174
13
Franchuk
1 -1 -1
2 19.5 144
3 18.3 161.8
4 17 133.2
5 14.8 147.9
6 16.1 107
7 13.7 123.5
8 11.9 171
9 -1 -1
10 8.7 156.4
11 12.4 131
12 -1 -1
14
Debeliak
1 11.3 140
2 -1 -1
3 10.2 144.7
4 12 172.8
5 9.3 162.3
6 -1 -1
7 10 135
8 12.2 154.6
9 14.7 136.3
10 13.5 155
11 -1 -1
12 14.2 103
15
Holub
1 11.0 190
2 -1 -1
3 12 171.8
4 8.9 129.6
5 9.4 184
6 10.3 168.9
7 -1 -1
8 13.9 120.1
9 14 136
10 13.7 152.3
11 12.1 167
12 -1 -1
16
Kovalenko
1 11.3 142
2 10.0 130
3 12.5 124
4 11.7 163
5 -1 -1
6 -1 -1
7 15.9 141
8 -1 -1
9 10.4 130
10 -1 -1
11 9.9 170
12 -1 -1
17
Petrov
1 -1 -1
2 9.7 145
3 12.1 137
4 11.4 180
5 9.2 152
6 -1 -1
7 11.7 179
8 -1 -1
9 9.6 155
10 10.9 152
11 6.8 163
12 -1 -1
18
Ivanov
1 11.0 160
2 -1 -1
3 12.5 142
4 11.6 175
5 -1 -1
6 8.8 164
7 11.4 174
8 -1 -1
9 -1 -1
10 10.5 157
11 6.5 168
12 9.3 176
19
Sidorov
1 11.2 150
2 10.1 140
3 -1 -1
4 11.3 170
5 9.8 142
6 -1 -1
7 -1 -1
8 12.4 162.8
9 9.5 150
10 10.8 147
11 6.8 158
12 -1 -1
20
Kozlov
1 -1 -1
2 10.2 145
3 12.6 137
4 -1 -1
5 -1 -1
6 8.7 164
7 11.9 174
8 12.4 168.3
9 9.4 155
10 10.7 152
11 7.0 163
12 -1 -1