29.1 1.6
1
Legeza
1 11.5 150
2 10 140
3 12.5 132
4 11.3 180
5 9 142
6 8 161
7 11.9 171
8 12.1 163.7
9 9.7 150
10 10.9 147
11 6.9 158
12 9 166
2
Skakovskyi
1 10.5 160
2 9.8 155
3 12.2 145
4 11.6 190
5 9.5 150
6 8.3 165
7 11.8 175
8 12.5 160.2
9 9.2 155
10 10.5 152
11 7.2 162
12 9.5 170
3
Bodnar
1 11.3 140
2 10.1 130
3 12.7 120
4 11.2 160
5 9.3 132
6 8.8 151
7 11.6 161
8 12.3 153.5
9 9.8 140
10 10.2 137
11 6.5 148
12 9.2 156
4
Lukianov
1 10.9 150
2 9.7 140
3 12.1 132
4 11.5 170
5 9.2 142
6 8.5 159
7 11.7 169
8 12.2 162.8
9 9.5 150
10 10.8 147
11 6.8 158
12 9.1 167
5
Feduniak
1 11.5 155
2 10.2 145
3 12.6 137
4 11.3 175
5 9.8 147
6 8.7 164
7 11.9 174
8 12.4 168.3
9 9.4 155
10 10.7 152
11 7.0 163
12 9.3 171
6
Revus
1 10.7 165
2 9.4 155
3 12.0 147
4 11.4 185
5 9.1 157
6 8.6 174
7 11.5 184
8 12.0 177.5
9 9.6 165
10 10.9 162
11 6.7 173
12 9.0 181
7
Razik
1 11.2 145
2 10.0 135
3 12.4 127
4 11.8 165
5 9.7 137
6 8.4 154
7 11.6 164
8 12.1 157.4
9 9.3 145
10 10.6 142
11 6.3 153
12 8.9 161
8
Bachynskyi
1 11.7 140
2 10.4 130
3 12.8 122
4 11.1 160
5 9.6 132
6 8.9 151
7 11.5 161
8 12.2 154.8
9 9.7 140
10 10.1 137
11 6.6 148
12 9.0 156
9
Vashchuk
1 10.8 150
2 9.6 140
3 12.0 132
4 11.4 170
5 9.1 142
6 8.6 159
7 11.7 169
8 12.2 162.8
9 9.5 150
10 10.8 147
11 6.8 158
12 9.1 167
10
Ovcharenko
1 11.5 155
2 10.2 145
3 12.6 137
4 11.3 175
5 9.8 147
6 8.7 164
7 11.9 174
8 12.4 168.3
9 9.4 155
10 10.7 152
11 7.0 163
12 9.3 171
11
Sakh
1 10.7 165
2 9.4 155
3 12.0 147
4 11.4 185
5 9.1 157
6 8.6 174
7 11.5 184
8 12.0 177.5
9 9.6 165
10 10.9 162
11 6.7 173
12 9.0 181
12
Yaroshovych
1 11.2 145
2 10.0 135
3 12.4 127
4 11.8 165
5 9.7 137
6 8.4 154
7 11.6 164
8 12.1 157.4
9 9.3 145
10 10.6 142
11 6.3 153
12 8.9 161
13
Franchuk
1 11.7 140
2 10.4 130
3 12.8 122
4 11.1 160
5 9.6 132
6 8.9 151
7 11.5 161
8 12.2 154.8
9 9.7 140
10 10.1 137
11 6.6 148
12 9.0 156
14
Debeliak
1 10.8 150
2 9.6 140
3 12.0 132
4 11.4 170
5 9.1 142
6 8.6 159
7 11.7 169
8 12.2 162.8
9 9.5 150
10 10.8 147
11 6.8 158
12 9.1 167
15
Holub
1 11.0 148
2 10.3 138
3 12.5 130
4 11.6 165
5 9.0 145
6 8.8 157
7 11.4 167
8 12.3 160.5
9 9.9 148
10 10.5 145
11 6.5 156
12 9.2 163
16
Kovalenko
1 11.3 142
2 10.0 130
3 12.5 124
4 11.7 163
5 9.5 140
6 8.3 155
7 11.9 165
8 12.2 158.2
9 9.8 142
10 10.6 139
11 6.7 150
12 9.4 157
17
Petrov
1 10.5 155
2 9.7 145
3 12.1 137
4 11.4 180
5 9.2 152
6 8.5 169
7 11.7 179
8 12.3 172.8
9 9.6 155
10 10.9 152
11 6.8 163
12 9.1 171
18
Ivanov
1 11.0 160
2 10.3 150
3 12.5 142
4 11.6 175
5 9.1 147
6 8.8 164
7 11.4 174
8 12.0 167.5
9 9.7 160
10 10.5 157
11 6.5 168
12 9.3 176
19
Sidorov
1 11.2 150
2 10.1 140
3 12.6 132
4 11.3 170
5 9.8 142
6 8.7 159
7 11.9 169
8 12.4 162.8
9 9.5 150
10 10.8 147
11 6.8 158
12 9.1 167
20
Kozlov
1 11.5 155
2 10.2 145
3 12.6 137
4 11.3 175
5 9.8 147
6 8.7 164
7 11.9 174
8 12.4 168.3
9 9.4 155
10 10.7 152
11 7.0 163
12 9.3 171